competition:
  start:
    position: 
      x: 169.33370971679688
      y: -236.82679748535156
      z: 0.22143378853797913
    orientation: 
      x: 0.0001427503943473188
      y: 1.2479994494625947e-06
      z: -0.9998886356212205
      w: 0.014923001584853013
  goal:
    position: 
      x: 27.431476593017578
      y: -109.73770141601562
      z: 0.22144187986850739
    orientation: 
      x: 8.619246216235598e-08
      y: 0.00015587139160378672
      z: 0.028298438782086478
      w: 0.9995995068359119
  traffic_rules: true
  ready_for_ego: false