competition:
  start:
    position: 
      x: 63.78926086425781
      y: 186.89491271972656
      z: 0.0013450050028041005
    orientation: 
      x: 8.152933045236674e-08
      y: 8.523990453704263e-06
      z: 0.005101528734109927
      w: 0.999986987081287
  goal:
    position: 
      x: -130.51715087890625
      y: -126.51608276367188
      z: 0.0013503455556929111
    orientation: 
      x: 1.2315575581663626e-05
      y: 1.1126709088276977e-05
      z: -0.6695672812273403
      w: 0.7427514090423192
  traffic_rules: true
  ready_for_ego: false