competition:
  start:
    position: 
      x: 63.78926086425781
      y: 186.89491271972656
      z: 0.0013450050028041005
    orientation: 
      x: 8.152933045236674e-08
      y: 8.523990453704263e-06
      z: 0.005101528734109927
      w: 0.999986987081287
  goal:
    position: 
      x: -194.3986358642578
      y: 116.3167953491211
      z: 0.056912172585725784
    orientation: 
      x: 0.00014906607984605286
      y: 0.00011417374094492577
      z: -0.8007381445280846
      w: 0.5990145145498407
  traffic_rules: true
  ready_for_ego: false