competition:
  start:
    position: 
      x: 63.78926086425781
      y: 186.89491271972656
      z: 0.0013450050028041005
    orientation: 
      x: 8.152933045236674e-08
      y: 8.523990453704263e-06
      z: 0.005101528734109927
      w: 0.999986987081287
  goal:
    position: 
      x: 189.32861328125
      y: 13.242996215820312
      z: 0.0013324546162039042
    orientation: 
      x: -6.7756241072901125e-06
      y: -7.292839268514296e-06
      z: -0.6889870711021416
      w: 0.7247736306978876
  traffic_rules: true
  ready_for_ego: false