competition:
  start:
    position: 
      x: 189.32861328125
      y: 13.242996215820312
      z: 0.0013324546162039042
    orientation: 
      x: -6.7756241072901125e-06
      y: -7.292839268514296e-06
      z: -0.6889870711021416
      w: 0.7247736306978876
  goal:
    position: 
      x: -194.3986358642578
      y: 116.3167953491211
      z: 0.056912172585725784
    orientation: 
      x: 0.00014906607984605286
      y: 0.00011417374094492577
      z: -0.8007381445280846
      w: 0.5990145145498407
  traffic_rules: true
  ready_for_ego: false
