competition:
  start:
    position: 
      x: 189.32861328125
      y: 13.242996215820312
      z: 0.0013324546162039042
    orientation: 
      x: -6.7756241072901125e-06
      y: -7.292839268514296e-06
      z: -0.6889870711021416
      w: 0.7247736306978876
  goal:
    position: 
      x: -130.51715087890625
      y: -126.51608276367188
      z: 0.0013503455556929111
    orientation: 
      x: 1.2315575581663626e-05
      y: 1.1126709088276977e-05
      z: -0.6695672812273403
      w: 0.7427514090423192
  traffic_rules: true
  ready_for_ego: false
