competition:
  start:
    position: 
      x: 339.1843566894531
      y: -31.576122283935547
      z: 0.0013993262546136975
    orientation: 
      x: -7.05951551854676e-05
      y: 5.396786019640359e-05
      z: 0.6944690236942358
      w: 0.7195225967493787
  goal:
    position: 
      x: 87.744140625
      y: -246.37704467773438
      z: 0.0014560127165168524
    orientation: 
      x: 0.00011869165852871475
      y: 0.00013402728716227694
      z: -0.7074036301047556
      w: 0.7068097849234904
  traffic_rules: true
  ready_for_ego: false