orientation:
  w: 0.6788787131771614
  x: 0.00011925248808347056
  y: 0.00011896426782839593
  z: -0.7342504098883897
position:
  x: -88.05311584472656
  y: 157.52688598632812
  z: 0.0014268097002059221
