competition:
  start:
    position: 
      x: 150.2
      y: 105.9
      z: 8.001349449157715
    orientation: 
      x: 9.631502399382951e-06
      y: 1.0005917936296686e-05
      z: -0.6880439775100758
      w: 0.7256689912206735
  goal:
    position: 
      x: -149.00022888183594
      y: -85.71220397949219
      z: 0.0014444541884586215
    orientation: 
      x: 0.00011796602205404781
      y: 0.00010331853097544822
      z: -0.7152585677487273
      w: 0.6988598977415559
  traffic_rules: true
  ready_for_ego: false